   1.04031360      0.975429714       1.03621531      0.994921207    
   3.22023779E-02  -9.07156058E-03   3.01291402E-02  -3.08727417E-02
  -1.65976994E-02  -3.32258176E-03  -4.12110277E-02  -5.76126203E-02
   2.32792478E-02  -4.28218544E-02   3.10003236E-02  -2.64468733E-02
  -7.24030600E-04   3.49108092E-02   1.03591289E-03  -6.31798059E-02
  -2.97474097E-02   7.03930855E-03  -1.83199979E-02  -2.58889347E-02
  -3.91393304E-02  -1.13588560E-03  -3.07054650E-02  -6.12611547E-02
   0.00000000       4.69875000E-02   8.48692469E-03   3.88420117E-03
   0.00000000      -2.04281006E-02   4.01939489E-02  -7.76968896E-02
   0.00000000       3.51636969E-02  -5.40877599E-03  -4.30414230E-02
   0.00000000      -4.15021405E-02  -5.57312779E-02  -1.79883894E-02
   0.00000000       4.13877554E-02  -4.08305712E-02  -3.88584211E-02
   0.00000000       1.83787718E-02   4.33690213E-02  -5.36968112E-02
   0.00000000      -4.63538244E-02   1.78640541E-02  -6.13805614E-02
   0.00000000      -3.26770470E-02  -2.28604693E-02  -3.88195403E-02
   0.00000000      -1.94305647E-02   6.95227785E-03  -7.21957386E-02
   0.00000000      -5.49533684E-03   1.56312604E-02  -6.00144379E-02
   0.00000000       1.52029274E-02   1.85956694E-02  -7.13290507E-03
   0.00000000      -2.96827108E-02  -3.59948464E-02  -2.78338380E-02
   0.00000000      -1.22364759E-02  -3.83124501E-03  -6.81442693E-02
   0.00000000      -1.36815989E-02   3.69273685E-02   2.49282783E-03
   0.00000000      -4.91215028E-02  -4.15080264E-02  -7.77290165E-02
   0.00000000      -2.29078829E-02  -2.03051679E-02  -1.25112822E-02
   0.00000000       2.02710629E-02  -1.20833470E-02   9.59056022E-04
   0.00000000      -1.83083322E-02  -4.95527824E-03  -3.80239636E-02
   0.00000000       3.24026123E-02   1.64536983E-02  -6.07476160E-02
   0.00000000      -4.81966510E-02   3.00981775E-02   2.55625765E-03
   0.00000000      -4.21317406E-02   3.34487483E-02  -6.68669939E-02
   0.00000000      -2.89674327E-02   2.51651322E-03  -7.40274563E-02
   0.00000000       8.04390851E-03   4.15946245E-02  -7.22733140E-02
   0.00000000      -3.12946923E-02   9.04821511E-03  -7.69839585E-02
   0.00000000      -4.85275500E-02   9.83907841E-03  -6.95367754E-02
  -2.57854182E-02  -3.67184207E-02  -5.31479083E-02  -6.93483055E-02
   1.01238787      0.958070219      0.992877185      0.993167341    
   4.12851572E-02   9.47289262E-03  -1.12629402E-02  -1.95172448E-02
  -4.71764803E-02   4.72404249E-02   2.66741775E-02  -6.21494278E-02
   4.02146690E-02   1.98605992E-02   4.30456288E-02   7.62509182E-03
   4.06599008E-02   2.64282469E-02  -2.61564013E-02  -6.84147850E-02
  -4.21936512E-02  -3.72235402E-02  -5.36113307E-02   5.86161343E-03
   0.00000000       3.67353074E-02  -5.11847287E-02  -1.83509309E-02
   0.00000000      -2.10672989E-02   1.88663080E-02  -1.29565774E-02
   0.00000000      -2.28037387E-02   1.58745516E-02  -5.84175102E-02
   0.00000000      -2.18362547E-02  -5.27630411E-02  -1.84048209E-02
   0.00000000       3.41964625E-02  -3.10521806E-03  -6.05166629E-02
   0.00000000      -4.78107259E-02   3.93014364E-02   8.66619498E-03
   0.00000000      -1.95649061E-02   4.02349085E-02  -5.49105406E-02
   0.00000000       6.93575363E-04   6.58063823E-03   1.49081191E-02
   0.00000000      -1.22076627E-02  -4.41326462E-02  -7.12665496E-04
   0.00000000       4.89735007E-02  -4.48083580E-02  -4.96719033E-02
   0.00000000      -3.04302853E-02   1.75479241E-02   3.08248848E-02
   0.00000000       1.94521099E-02  -2.96723060E-02   1.33204348E-02
   0.00000000       2.84148473E-02  -2.73743621E-03  -2.43471544E-02
   0.00000000      -2.01780200E-02  -3.46940123E-02   2.63989288E-02
   0.00000000      -7.14320503E-03  -3.77120413E-02  -4.41643000E-02
   0.00000000      -4.81605753E-02  -4.13209945E-02   7.18713505E-03
   0.00000000       6.25577741E-05  -8.79977271E-03  -4.25256006E-02
   0.00000000       3.69268209E-02  -1.32110212E-02   1.26345893E-02
   0.00000000      -3.40826809E-02   8.32272321E-03  -6.20520767E-03
   0.00000000      -1.35396216E-02  -4.41589169E-02   2.69926470E-02
   0.00000000       1.87786072E-02  -2.79839225E-02   2.15716865E-02
   0.00000000       1.40384538E-02  -2.77845506E-02   2.51402636E-03
   0.00000000       2.90410537E-02   1.31407268E-02  -2.93648038E-02
   0.00000000      -2.11113971E-02   1.27531402E-02   3.14697735E-02
   0.00000000      -4.91238460E-02  -3.47786173E-02  -6.01465441E-02
  -3.60141285E-02  -2.99751596E-03   2.94545963E-02  -2.51739807E-02
  -4.82648537E-02  -2.80097015E-02   9.83414054E-03  -4.73031290E-02
  0.959892035      0.953415632      0.964558780      0.936286867    
   2.39124130E-02  -4.63634059E-02   5.14602428E-03  -7.49548227E-02
   3.52355838E-02   2.83089429E-02  -4.63000573E-02  -8.71158913E-02
  -4.95112352E-02  -4.42945166E-03   4.40444011E-04  -7.84182623E-02
  -3.46002318E-02   4.83305641E-02  -5.02896979E-02  -8.54890868E-02
   0.00000000       3.03884428E-02  -3.65190627E-03  -5.22728860E-02
   0.00000000      -3.80825438E-02   1.85628943E-02  -1.62193272E-02
   0.00000000       2.40467489E-02   7.38076851E-05   2.93953135E-03
   0.00000000       6.09735353E-03   2.44598407E-02  -5.60034700E-02
   0.00000000      -3.87896486E-02   3.18294810E-03  -4.12865244E-02
   0.00000000      -4.74163257E-02   2.66795736E-02   2.60901311E-03
   0.00000000       1.25497421E-02   7.26672402E-03  -8.49773809E-02
   0.00000000       1.18583543E-02   1.26939239E-02  -7.23395273E-02
   0.00000000       2.52542887E-02   4.80108242E-03  -2.36410201E-02
   0.00000000       1.41117126E-02   3.16761956E-02   4.64288099E-03
   0.00000000       3.14274356E-02  -1.12111755E-02  -7.19137117E-02
   0.00000000      -2.82789748E-02   4.26206243E-04   3.40794073E-03
   0.00000000       1.92579571E-02  -3.97049300E-02  -4.40605395E-02
   0.00000000      -4.47058082E-02   1.58637986E-02  -6.54659979E-03
   0.00000000       7.05014216E-03   2.09232401E-02  -2.87828054E-02
   0.00000000       2.78763566E-02  -5.87737281E-03  -4.68651280E-02
   0.00000000       3.68975140E-02  -1.67336445E-02  -6.55439571E-02
   0.00000000      -3.93741727E-02  -3.03631201E-02   7.71846389E-03
   0.00000000       2.25054678E-02  -4.20628041E-02  -8.63477141E-02
   0.00000000       1.74033623E-02  -5.43795414E-02   1.02730496E-02
   0.00000000      -1.71390064E-02   3.72568853E-02  -7.80711994E-02
   0.00000000      -2.55421586E-02  -3.51600796E-02  -4.88663092E-02
   0.00000000      -3.69434096E-02  -2.05429811E-02  -5.52271046E-02
   0.00000000       4.82047945E-02   4.15528379E-02  -7.73137882E-02
   0.00000000      -1.86073408E-02  -4.56987582E-02  -7.63277933E-02
   2.64188107E-02   3.42436088E-03  -3.72306928E-02 -0.132203400    
  -4.50627282E-02  -3.18766199E-02  -6.37359619E-02  -7.98015743E-02
  -4.90054972E-02   3.49520193E-03  -1.54041247E-02 -0.155931011    
  0.984229147      0.985482275      0.984089017      0.854301751    
   2.81829722E-02  -4.90158983E-02  -7.10667595E-02  -9.48327184E-02
   9.14781820E-03  -1.27961839E-05   1.57642178E-02  -9.86457244E-02
   1.41085377E-02  -2.71371733E-02  -4.90707718E-02  -6.79660141E-02
   0.00000000      -1.04335379E-02  -2.42688600E-02  -7.05627427E-02
   0.00000000       2.96599418E-02  -5.15709221E-02  -6.36048764E-02
   0.00000000       1.35740982E-02  -2.62726862E-02 -0.141466662    
   0.00000000      -2.84313248E-03  -5.38216382E-02 -0.148252383    
   0.00000000      -1.57056861E-02   1.49111552E-02 -0.112555176    
   0.00000000      -2.83318087E-02  -4.33732197E-02  -7.95865580E-02
   0.00000000       6.92243921E-03   8.37923668E-04 -0.150673389    
   0.00000000       6.53780904E-03   2.71279691E-03  -7.10414723E-02
   0.00000000      -2.98751127E-02  -5.96878789E-02 -0.106714316    
   0.00000000       4.45424244E-02  -1.96725167E-02  -7.62764439E-02
   0.00000000      -1.71430800E-02  -1.38753897E-03  -8.52295086E-02
   0.00000000      -5.46368130E-04  -5.45181371E-02 -0.142223969    
   0.00000000       3.64194401E-02   2.39641797E-02  -7.48733431E-02
   0.00000000      -2.92375777E-02  -3.47066820E-02  -9.68883261E-02
   0.00000000       2.93603021E-04   1.10471612E-02  -6.85295463E-02
   0.00000000      -4.99748588E-02  -5.33360317E-02 -0.100696027    
   0.00000000       3.31290439E-02  -4.81732972E-02 -0.148028031    
   0.00000000       3.04648057E-02  -3.97771411E-02 -0.133312374    
   0.00000000       1.88432578E-02  -3.24997678E-02 -0.101341315    
   0.00000000       2.39392258E-02   2.15740725E-02 -0.126808524    
   0.00000000       3.14427428E-02   1.33687006E-02 -0.135030583    
   0.00000000       4.08509634E-02  -6.34986013E-02 -0.119284719    
   0.00000000       1.58190522E-02  -2.61757392E-02 -0.109452248    
   0.00000000      -2.69563366E-02  -1.70937497E-02 -0.152530089    
   0.00000000       1.14108939E-02  -4.85080853E-02  -7.89207444E-02
  -4.37888801E-02  -5.48766507E-03  -3.20721082E-02   8.32955018E-02
   1.90485604E-02   2.22537690E-03  -1.80500168E-02   2.68997252E-02
   2.57831626E-02  -3.44105288E-02   5.49565591E-02   1.25993928E-02
  -4.67752479E-02  -1.33069577E-02  -3.14467624E-02   5.56953214E-02
  0.958387613       1.03111005       1.02988422       1.08072495    
   2.35177055E-02   4.21764292E-02  -2.40095370E-02   8.46420452E-02
  -3.17317583E-02   9.58978292E-03   2.75079720E-02   2.35078353E-02
   0.00000000      -3.01862881E-02  -1.34525364E-02   2.92324442E-02
   0.00000000      -3.96071896E-02   6.03621602E-02   9.14362147E-02
   0.00000000      -1.47991646E-02   1.85061563E-02   2.88265869E-02
   0.00000000      -3.72320935E-02   3.62172574E-02   5.94979674E-02
   0.00000000       5.27312458E-02   2.74938196E-02   7.42418915E-02
   0.00000000       4.96780686E-02   2.98544187E-02  0.103841513    
   0.00000000       9.20212734E-03   1.19625200E-02  0.106276028    
   0.00000000      -4.14593108E-02   3.40233999E-03   3.03838775E-02
   0.00000000       1.12151552E-03  -1.29795657E-03   3.46164741E-02
   0.00000000       4.04685140E-02   1.13528862E-03   1.23712951E-02
   0.00000000      -6.29353663E-03   4.75292653E-02   1.22419149E-02
   0.00000000      -7.19651394E-03  -3.30151245E-02   8.14327672E-02
   0.00000000       2.81383432E-02   9.31985024E-03   9.98221561E-02
   0.00000000      -3.83975431E-02   3.30801271E-02   6.20602295E-02
   0.00000000       2.56927889E-02   1.37226870E-02   2.30710600E-02
   0.00000000      -4.29568887E-02   5.91008328E-02   9.09276307E-02
   0.00000000      -3.67625058E-02   2.08596177E-02   1.60469804E-02
   0.00000000      -2.92892959E-02   4.10420038E-02   9.18169413E-03
   0.00000000      -3.62454876E-02  -1.67826079E-02   5.17390519E-02
   0.00000000       2.17570346E-02   7.09441584E-03   9.58997086E-02
   0.00000000      -5.18814707E-03   7.33517576E-03   6.46372288E-02
   0.00000000      -4.26805243E-02  -2.45775357E-02   8.76750797E-02
   0.00000000      -2.07946580E-02  -3.00412346E-02  0.103316963    
   0.00000000       3.79962660E-02  -2.14188136E-02   6.07717484E-02
   0.00000000       4.19983976E-02   7.93557614E-03  0.107872009    
   4.76483330E-02   1.37077766E-02   2.86565199E-02   0.00000000    
   2.55966149E-02  -4.46734875E-02  -4.82829623E-02   0.00000000    
   4.06896286E-02   3.88937853E-02   4.49900515E-02   0.00000000    
  -1.95718799E-02   1.57225840E-02  -1.51729118E-02   0.00000000    
   1.31469006E-02  -3.00706681E-02  -2.29164399E-02   0.00000000    
  0.986257672      0.954517424       1.04865229       0.00000000    
   3.35898586E-02  -4.22778204E-02   2.45106164E-02   0.00000000    
   0.00000000       2.19249539E-02   4.35249275E-03   0.00000000    
   0.00000000      -7.00848829E-03  -2.87698638E-02   0.00000000    
   0.00000000       2.71169897E-02   2.64676008E-02   0.00000000    
   0.00000000       3.53959538E-02   4.35271785E-02   0.00000000    
   0.00000000      -4.64143455E-02   4.50668223E-02   0.00000000    
   0.00000000       3.52292098E-02  -3.10609564E-02   0.00000000    
   0.00000000       8.43770895E-03  -1.00566668E-03   0.00000000    
   0.00000000      -4.23177667E-02   4.63680215E-02   0.00000000    
   0.00000000       6.07680762E-03  -1.91581938E-02   0.00000000    
   0.00000000       3.48730795E-02   3.00335209E-03   0.00000000    
   0.00000000      -2.98690144E-02   1.06891780E-03   0.00000000    
   0.00000000       4.74864691E-02   3.95087600E-02   0.00000000    
   0.00000000      -1.76429395E-02   3.08770649E-02   0.00000000    
   0.00000000       2.79794727E-03   4.74254936E-02   0.00000000    
   0.00000000       4.31793407E-02   1.79562327E-02   0.00000000    
   0.00000000       5.62516646E-03  -1.91846453E-02   0.00000000    
   0.00000000      -4.10974734E-02   7.86184054E-03   0.00000000    
   0.00000000       4.27197069E-02  -5.40690031E-03   0.00000000    
   0.00000000      -3.50328498E-02  -1.40486844E-02   0.00000000    
   0.00000000      -3.44397761E-02   8.15099978E-04   0.00000000    
   0.00000000       2.13115532E-02   3.37632969E-02   0.00000000    
   0.00000000      -1.40980566E-02   3.43955979E-02   0.00000000    
   0.00000000       1.04390159E-02   3.00412271E-02   0.00000000    
   0.00000000      -1.75345484E-02   1.78200584E-02   0.00000000    
   0.00000000      -2.96661793E-03   5.34523046E-04   0.00000000    
   3.53314206E-02   1.08662192E-02   1.24127632E-02   0.00000000    
  -4.93066274E-02  -4.83801402E-02  -4.10040207E-02   0.00000000    
  -2.08299514E-02   2.40151901E-02  -3.67913838E-03   0.00000000    
   4.49507721E-02   4.74458933E-02   4.83301032E-04   0.00000000    
   2.94201244E-02  -4.65593822E-02  -2.52901427E-02   0.00000000    
  -1.75863376E-03  -2.60451436E-02   3.74706313E-02   0.00000000    
  0.976797044      0.988305449      0.974063694       0.00000000    
   0.00000000      -2.31965370E-02  -1.43629638E-02   0.00000000    
   0.00000000       4.62833680E-02  -6.91169128E-03   0.00000000    
   0.00000000      -2.45167525E-03   4.14532237E-02   0.00000000    
   0.00000000      -2.45248917E-02   1.40377861E-02   0.00000000    
   0.00000000      -1.78129598E-02   3.27335671E-02   0.00000000    
   0.00000000      -5.17445523E-03  -2.76654568E-02   0.00000000    
   0.00000000       3.61255445E-02  -4.55706082E-02   0.00000000    
   0.00000000       4.47673770E-03  -3.38257924E-02   0.00000000    
   0.00000000      -2.10230947E-02   2.56341323E-02   0.00000000    
   0.00000000       2.02606972E-02  -3.78504321E-02   0.00000000    
   0.00000000       1.55250527E-04  -5.16341440E-03   0.00000000    
   0.00000000       4.48786058E-02  -9.96632781E-03   0.00000000    
   0.00000000       4.88279872E-02   2.18930300E-02   0.00000000    
   0.00000000      -2.58508250E-02  -3.55112948E-03   0.00000000    
   0.00000000       2.21674498E-02   2.25331262E-02   0.00000000    
   0.00000000       1.84823535E-02  -2.13623736E-02   0.00000000    
   0.00000000       3.23945917E-02  -2.88749300E-02   0.00000000    
   0.00000000       9.41404887E-03   4.44517285E-02   0.00000000    
   0.00000000      -4.72335964E-02  -1.92696229E-02   0.00000000    
   0.00000000       2.59627076E-03   1.02362670E-02   0.00000000    
   0.00000000      -4.80644070E-02   4.00232710E-02   0.00000000    
   0.00000000       1.39897718E-04   3.05117387E-02   0.00000000    
   0.00000000       2.65584309E-02  -9.50334873E-03   0.00000000    
   0.00000000      -4.98721935E-03   6.54399209E-03   0.00000000    
   0.00000000       1.62464119E-02  -7.54980976E-03   0.00000000    
  -2.31882576E-02   3.96241546E-02  -1.56477988E-02   0.00000000    
  -4.14279737E-02   2.66278498E-02   2.32299492E-02   0.00000000    
  -4.62422296E-02  -1.99725945E-02   5.34597039E-03   0.00000000    
  -4.23526615E-02   9.62405466E-03   2.07758155E-02   0.00000000    
   1.11685302E-02  -8.01421516E-03   3.88961285E-02   0.00000000    
  -2.65928302E-02  -2.49463487E-02   1.19322026E-02   0.00000000    
  -4.83614020E-03   4.12927847E-03  -8.26678704E-03   0.00000000    
   0.00000000       1.00539112       1.04809618       0.00000000    
   0.00000000       2.71889996E-02   3.39729432E-03   0.00000000    
   0.00000000       3.91743556E-02   1.86944455E-02   0.00000000    
   0.00000000      -1.65738482E-02  -1.53263696E-02   0.00000000    
   0.00000000      -8.28115456E-03  -4.60212119E-02   0.00000000    
   0.00000000       7.46091781E-03   1.08811017E-02   0.00000000    
   0.00000000      -4.55097388E-03   3.10940053E-02   0.00000000    
   0.00000000       1.35919070E-02  -4.96390052E-02   0.00000000    
   0.00000000      -2.52542309E-02   4.58281226E-02   0.00000000    
   0.00000000      -2.92872917E-03  -1.31238429E-02   0.00000000    
   0.00000000      -3.55327614E-02   3.75537015E-02   0.00000000    
   0.00000000      -4.65787649E-02  -1.30889108E-02   0.00000000    
   0.00000000      -2.27812901E-02   4.66806479E-02   0.00000000    
   0.00000000       4.68896180E-02   4.42673154E-02   0.00000000    
   0.00000000       2.52496824E-02   1.23900427E-02   0.00000000    
   0.00000000       1.61921568E-02   6.48418255E-03   0.00000000    
   0.00000000       1.89775825E-02  -4.97317798E-02   0.00000000    
   0.00000000       3.42663862E-02   1.97661873E-02   0.00000000    
   0.00000000       2.07609758E-02   4.45737801E-02   0.00000000    
   0.00000000       4.86619882E-02  -4.79559153E-02   0.00000000    
   0.00000000      -3.03875878E-02   2.93535069E-02   0.00000000    
   0.00000000      -3.61291729E-02   4.61473912E-02   0.00000000    
   0.00000000      -1.17076247E-03  -4.56049666E-02   0.00000000    
   0.00000000      -4.59502311E-03  -1.95130724E-02   0.00000000    
   0.00000000      -4.28759903E-02  -2.96188854E-02   0.00000000    
   8.39362945E-03   3.29737589E-02  -4.12538163E-02   0.00000000    
   4.19007204E-02   1.83168072E-02   1.92456748E-02   0.00000000    
   5.30020567E-03   2.10888255E-02  -3.64868641E-02   0.00000000    
  -3.54937725E-02  -3.48809659E-02   3.72468457E-02   0.00000000    
  -3.14601324E-02   2.05861181E-02   2.31481567E-02   0.00000000    
   7.62424374E-04   1.15730017E-02   1.90649740E-02   0.00000000    
   4.34446521E-02  -1.42011652E-02  -4.44685146E-02   0.00000000    
   0.00000000      -2.04224717E-02  -5.31492429E-03   0.00000000    
   0.00000000      0.951223135      0.956389904       0.00000000    
   0.00000000      -2.04798300E-02  -4.68155090E-03   0.00000000    
   0.00000000      -4.25655656E-02  -3.11816521E-02   0.00000000    
   0.00000000       1.31877577E-02  -3.90934050E-02   0.00000000    
   0.00000000       5.35979401E-03  -3.68493423E-02   0.00000000    
   0.00000000      -4.96944226E-03  -3.59091125E-02   0.00000000    
   0.00000000       4.50703725E-02  -3.72377560E-02   0.00000000    
   0.00000000      -4.48388308E-02   3.18200551E-02   0.00000000    
   0.00000000       1.26052704E-02  -1.25764385E-02   0.00000000    
   0.00000000       4.29723784E-02  -2.35481206E-02   0.00000000    
   0.00000000      -3.75697464E-02   4.29809950E-02   0.00000000    
   0.00000000       9.64600418E-04   3.81014757E-02   0.00000000    
   0.00000000      -1.16720404E-02  -4.72870693E-02   0.00000000    
   0.00000000      -2.20428705E-02  -4.95523913E-03   0.00000000    
   0.00000000      -1.74630638E-02   1.57796144E-02   0.00000000    
   0.00000000       1.34837283E-02   4.91077714E-02   0.00000000    
   0.00000000      -9.53195430E-03   3.76551086E-03   0.00000000    
   0.00000000       3.74052599E-02   2.48643439E-02   0.00000000    
   0.00000000      -2.70753261E-02  -3.68523262E-02   0.00000000    
   0.00000000       4.28403320E-04   3.75125837E-03   0.00000000    
   0.00000000      -3.76359411E-02   2.47195959E-02   0.00000000    
   0.00000000       2.56915553E-03   2.32772939E-02   0.00000000    
   0.00000000      -1.27698090E-02   1.05345380E-02   0.00000000    
   0.00000000       2.98789963E-02  -2.79521644E-02   0.00000000    
  -3.25901918E-02   4.75901979E-05  -3.12740915E-03   0.00000000    
   1.06969578E-02   7.64177414E-03   4.50696573E-02   0.00000000    
  -4.77575846E-02  -2.82127094E-02  -4.22887206E-02   0.00000000    
   3.86823937E-02   1.88242982E-03  -6.96842000E-03   0.00000000    
  -1.34392120E-02   2.91534085E-02  -2.87369471E-02   0.00000000    
   4.22561681E-03   1.72570460E-02   4.37528118E-02   0.00000000    
  -4.55244891E-02   4.12538648E-02  -2.15711072E-02   0.00000000    
   0.00000000       4.42216583E-02  -3.28071862E-02   0.00000000    
   0.00000000      -4.03003208E-02   8.07095319E-04   0.00000000    
   0.00000000       1.04386473      0.996243775       0.00000000    
   0.00000000      -2.38460060E-02  -3.56705021E-03   0.00000000    
   0.00000000       4.42451239E-03   1.80153304E-03   0.00000000    
   0.00000000      -4.58612740E-02  -1.28030535E-02   0.00000000    
   0.00000000       3.01552843E-02  -4.64390330E-02   0.00000000    
   0.00000000      -7.98145309E-03   5.02613969E-02   0.00000000    
   0.00000000       4.23456281E-02   1.52520211E-02   0.00000000    
   0.00000000       2.73815580E-02  -4.13445048E-02   0.00000000    
   0.00000000      -3.67293954E-02  -2.08778083E-02   0.00000000    
   0.00000000       3.06873377E-02  -2.01613363E-02   0.00000000    
   0.00000000      -2.00141445E-02   7.31654046E-03   0.00000000    
   0.00000000       1.78426933E-02   4.27314602E-02   0.00000000    
   0.00000000      -3.73261683E-02  -2.44713090E-02   0.00000000    
   0.00000000      -2.25873031E-02   1.22766085E-02   0.00000000    
   0.00000000       4.99774069E-02   1.43406671E-02   0.00000000    
   0.00000000       2.02018004E-02  -3.45442481E-02   0.00000000    
   0.00000000       1.30634643E-02  -9.21237934E-03   0.00000000    
   0.00000000      -2.47671772E-02   6.03169249E-03   0.00000000    
   0.00000000      -1.47460774E-02   4.03614230E-02   0.00000000    
   0.00000000      -2.93923635E-02   3.13885622E-02   0.00000000    
   0.00000000       4.32385541E-02   8.16238113E-03   0.00000000    
   0.00000000       4.91276458E-02   3.16035561E-02   0.00000000    
   0.00000000      -4.35353778E-02  -3.93303297E-02   0.00000000    
  -4.48688455E-02   4.82542859E-03  -3.03762052E-02   0.00000000    
  -6.21620705E-03  -4.70331088E-02  -3.52729000E-02   0.00000000    
   4.79251891E-03   4.78213690E-02   4.04654630E-02   0.00000000    
  -9.23463050E-03   1.87378246E-02  -2.62096990E-03   0.00000000    
  -1.85674038E-02   2.80551687E-02  -2.66298745E-02   0.00000000    
  -8.81632697E-03  -4.05363925E-03  -3.90678272E-02   0.00000000    
   4.07826640E-02  -2.61594895E-02  -9.03161417E-04   0.00000000    
   0.00000000      -2.57620160E-02  -2.83349417E-02   0.00000000    
   0.00000000       3.67157273E-02  -3.56507897E-02   0.00000000    
   0.00000000      -1.27447154E-02   1.00791417E-02   0.00000000    
   0.00000000      0.951936424      0.966305017       0.00000000    
   0.00000000       2.65087094E-02   2.92051844E-02   0.00000000    
   0.00000000      -5.28600533E-03  -1.38896899E-02   0.00000000    
   0.00000000       1.46639757E-02   1.28193023E-02   0.00000000    
   0.00000000      -2.09283549E-02   1.94639359E-02   0.00000000    
   0.00000000      -1.97669473E-02  -4.28330228E-02   0.00000000    
   0.00000000       4.28388156E-02   1.59956533E-02   0.00000000    
   0.00000000       2.35926230E-02   1.73132028E-02   0.00000000    
   0.00000000       3.57841402E-02  -2.31377501E-03   0.00000000    
   0.00000000      -1.78977661E-02  -4.10023471E-03   0.00000000    
   0.00000000       4.14574295E-02   1.62561126E-02   0.00000000    
   0.00000000      -3.37403291E-03   4.17237878E-02   0.00000000    
   0.00000000       3.31609361E-02   1.77891199E-02   0.00000000    
   0.00000000       2.78540738E-02   2.51887343E-03   0.00000000    
   0.00000000       5.00993170E-02   6.37005549E-03   0.00000000    
   0.00000000       1.22204830E-03   5.04220389E-02   0.00000000    
   0.00000000      -1.93162262E-02  -1.72802284E-02   0.00000000    
   0.00000000      -3.56432199E-02   1.44574763E-02   0.00000000    
   0.00000000      -4.13521007E-02  -4.55304608E-02   0.00000000    
   0.00000000       4.84106131E-02   1.24955093E-02   0.00000000    
   0.00000000       1.88132562E-02   2.55035125E-02   0.00000000    
   0.00000000       2.01367587E-02   4.88933511E-02   0.00000000    
   6.77510339E-04  -3.59277502E-02  -4.49668104E-03   0.00000000    
   4.80184369E-02  -3.67817245E-02  -1.00259390E-02   0.00000000    
   2.31621582E-02   3.21908891E-02  -2.13248730E-02   0.00000000    
   4.44221422E-02  -1.63056273E-02   2.36410629E-02   0.00000000    
   7.55340094E-03   8.64691474E-03   3.06241922E-02   0.00000000    
  -4.91194874E-02  -1.59508456E-02  -1.68740805E-02   0.00000000    
  -3.17271613E-02   4.00521383E-02  -4.56170961E-02   0.00000000    
   0.00000000      -3.82957421E-02   5.15203252E-02   0.00000000    
   0.00000000       4.03982913E-03  -1.23780109E-02   0.00000000    
   0.00000000       2.29407810E-02  -1.08958222E-03   0.00000000    
   0.00000000      -1.85412131E-02  -1.84807144E-02   0.00000000    
   0.00000000       1.03971851       1.01688838       0.00000000    
   0.00000000      -1.78847257E-02  -2.64893435E-02   0.00000000    
   0.00000000      -4.04668897E-02  -4.48265076E-02   0.00000000    
   0.00000000      -8.92138947E-03  -2.66988650E-02   0.00000000    
   0.00000000       2.27374993E-02   4.31133285E-02   0.00000000    
   0.00000000      -4.31292923E-03  -7.01212976E-03   0.00000000    
   0.00000000       5.53624658E-03   3.90898697E-02   0.00000000    
   0.00000000      -1.17612313E-02  -1.45131648E-02   0.00000000    
   0.00000000      -2.23523621E-02   3.13733742E-02   0.00000000    
   0.00000000      -7.80016882E-03   3.85266021E-02   0.00000000    
   0.00000000       1.78235583E-02  -1.26111349E-02   0.00000000    
   0.00000000      -4.62435037E-02   3.92298102E-02   0.00000000    
   0.00000000       4.31320444E-02   2.34290063E-02   0.00000000    
   0.00000000       1.76628632E-03  -3.25971320E-02   0.00000000    
   0.00000000       4.01603207E-02  -3.51691321E-02   0.00000000    
   0.00000000      -4.28136857E-03   1.72420107E-02   0.00000000    
   0.00000000       1.68223884E-02  -4.58070636E-02   0.00000000    
   0.00000000      -3.52347922E-03   2.00840086E-02   0.00000000    
   0.00000000       3.89370732E-02   3.62754688E-02   0.00000000    
   0.00000000       3.11497785E-02   2.87144259E-02   0.00000000    
   0.00000000      -2.85101756E-02   2.40340438E-02   0.00000000    
  -1.81035988E-03   2.78152190E-02   4.46945950E-02   0.00000000    
   1.60504133E-02  -3.16704698E-02   2.30657812E-02   0.00000000    
  -4.03325334E-02   2.58422038E-03   3.29338908E-02   0.00000000    
  -2.90787476E-03   1.17476622E-03  -4.10818914E-03   0.00000000    
   1.11238435E-02   4.58178706E-02   4.66850176E-02   0.00000000    
   1.18750790E-02  -2.13860273E-02   4.43568714E-02   0.00000000    
   2.20836401E-02  -2.86491849E-02   1.00176381E-02   0.00000000    
   0.00000000       2.29613446E-02  -4.26143631E-02   0.00000000    
   0.00000000      -3.61700729E-02  -4.83056530E-02   0.00000000    
   0.00000000      -3.23064551E-02  -4.51746993E-02   0.00000000    
   0.00000000       2.68592462E-02  -2.60452349E-02   0.00000000    
   0.00000000       3.14699486E-02  -3.63284685E-02   0.00000000    
   0.00000000      0.971712351      0.978859305       0.00000000    
   0.00000000       4.54524644E-02  -4.30435911E-02   0.00000000    
   0.00000000      -4.07686690E-03  -6.91065053E-03   0.00000000    
   0.00000000      -1.48727000E-02   1.29933227E-02   0.00000000    
   0.00000000       3.86577211E-02  -2.75229253E-02   0.00000000    
   0.00000000       9.23296344E-03   1.20768771E-02   0.00000000    
   0.00000000       2.61504930E-02   2.88444534E-02   0.00000000    
   0.00000000      -1.50637412E-02   2.38736011E-02   0.00000000    
   0.00000000       4.10698429E-02  -4.81815189E-02   0.00000000    
   0.00000000       1.63502619E-02  -1.33488355E-02   0.00000000    
   0.00000000       2.41963398E-02   3.82978632E-03   0.00000000    
   0.00000000       2.39705257E-02   3.54569405E-02   0.00000000    
   0.00000000      -3.75321321E-02  -3.37106735E-03   0.00000000    
   0.00000000      -1.82186160E-02  -3.86542268E-02   0.00000000    
   0.00000000       3.37678865E-02   8.71746428E-03   0.00000000    
   0.00000000      -2.66563930E-02   2.52190828E-02   0.00000000    
   0.00000000      -2.19961256E-02   4.96670231E-02   0.00000000    
   0.00000000       4.20041680E-02   4.57375124E-02   0.00000000    
   0.00000000       3.54793877E-03   4.01570350E-02   0.00000000    
   0.00000000      -1.01042930E-02  -3.24536301E-02   0.00000000    
  -1.31875649E-02   1.17783314E-02   2.11546067E-02   0.00000000    
  -7.77785853E-03  -1.51573652E-02  -4.60964143E-02   0.00000000    
   1.98959932E-03  -4.40965742E-02   3.99425663E-02   0.00000000    
  -5.11918776E-03   3.12089715E-02   4.95613068E-02   0.00000000    
   2.79001556E-02   4.57356833E-02  -1.78822968E-02   0.00000000    
  -2.52603851E-02   4.72935922E-02   5.09529598E-02   0.00000000    
   1.19943088E-02   3.54448967E-02  -4.22534235E-02   0.00000000    
   0.00000000      -2.97356583E-02   3.02742291E-02   0.00000000    
   0.00000000       2.45504058E-03   5.37511818E-02   0.00000000    
   0.00000000      -3.57170887E-02   4.22102697E-02   0.00000000    
   0.00000000       2.46337783E-02   1.13749986E-04   0.00000000    
   0.00000000       3.69597599E-02   1.59273539E-02   0.00000000    
   0.00000000      -3.83425467E-02  -2.73122974E-02   0.00000000    
   0.00000000       1.00052631      0.981275618       0.00000000    
   0.00000000       1.28488177E-02  -1.17850408E-03   0.00000000    
   0.00000000      -1.56288873E-02   2.39268690E-02   0.00000000    
   0.00000000      -4.89777178E-02   4.01446782E-02   0.00000000    
   0.00000000       8.97261873E-03  -2.10264400E-02   0.00000000    
   0.00000000       3.11569534E-02  -6.56309258E-03   0.00000000    
   0.00000000      -4.67370264E-02  -6.26014313E-03   0.00000000    
   0.00000000       2.62888484E-02   1.40371360E-02   0.00000000    
   0.00000000       1.12183755E-02   5.14415167E-02   0.00000000    
   0.00000000       4.47100550E-02  -2.20283829E-02   0.00000000    
   0.00000000      -1.49189625E-02  -2.51834281E-02   0.00000000    
   0.00000000       3.54792066E-02  -9.94370691E-03   0.00000000    
   0.00000000      -4.85287048E-02  -4.44985852E-02   0.00000000    
   0.00000000      -1.62933506E-02  -4.41174395E-02   0.00000000    
   0.00000000      -4.43977565E-02   2.25244612E-02   0.00000000    
   0.00000000       1.41992243E-02  -1.92847755E-03   0.00000000    
   0.00000000      -1.60844680E-02   9.22131701E-04   0.00000000    
   0.00000000       2.50133425E-02  -3.67275141E-02   0.00000000    
   0.00000000       4.54741530E-02   1.18467584E-02   0.00000000    
   3.68323154E-03   4.02735770E-02  -8.00904166E-03   0.00000000    
   9.10882186E-03  -4.44931053E-02  -4.37095612E-02   0.00000000    
  -2.04634964E-02   1.38087792E-03  -3.05680502E-02   0.00000000    
   2.79555060E-02  -1.77451894E-02  -1.43029276E-04   0.00000000    
   2.46746819E-02  -1.67428218E-02   3.27446796E-02   0.00000000    
  -4.49073240E-02   1.28917452E-02  -1.08310077E-02   0.00000000    
   4.70662676E-02  -2.32478920E-02   4.89136055E-02   0.00000000    
   0.00000000      -7.67850876E-03   3.20725031E-02   0.00000000    
   0.00000000      -2.92959604E-02  -4.90590446E-02   0.00000000    
   0.00000000      -3.03747458E-03  -1.93144120E-02   0.00000000    
   0.00000000      -3.56917121E-02  -3.30023132E-02   0.00000000    
   0.00000000       1.46356290E-02   1.88283827E-02   0.00000000    
   0.00000000       2.38057580E-02   2.86630122E-03   0.00000000    
   0.00000000       1.12362299E-02   3.12488284E-02   0.00000000    
   0.00000000      0.999234438       1.04558504       0.00000000    
   0.00000000      -2.15849075E-02  -1.19648408E-03   0.00000000    
   0.00000000      -1.34667745E-02   4.76251841E-02   0.00000000    
   0.00000000      -4.28403206E-02   1.39984442E-02   0.00000000    
   0.00000000       2.17630155E-02  -3.59443501E-02   0.00000000    
   0.00000000       1.05561940E-02  -2.18631271E-02   0.00000000    
   0.00000000       4.32891771E-02   2.14526933E-02   0.00000000    
   0.00000000      -1.82023533E-02  -1.38515085E-02   0.00000000    
   0.00000000       6.29375922E-03  -2.72271875E-02   0.00000000    
   0.00000000      -1.78050529E-02  -7.29098590E-03   0.00000000    
   0.00000000      -3.58854979E-02  -3.90927168E-03   0.00000000    
   0.00000000      -3.20739895E-02   2.40739528E-02   0.00000000    
   0.00000000      -1.24739623E-02   1.95755344E-02   0.00000000    
   0.00000000      -1.72577091E-02  -6.26405282E-03   0.00000000    
   0.00000000       4.21120785E-03   3.58021446E-02   0.00000000    
   0.00000000      -9.79273973E-05  -1.23573970E-02   0.00000000    
   0.00000000      -4.68456820E-02  -2.54661273E-02   0.00000000    
   0.00000000       4.93852235E-02   1.45608641E-03   0.00000000    
   4.27935608E-02  -5.57526713E-04  -3.19457315E-02   0.00000000    
   1.23751406E-02  -2.37038936E-02  -2.49364432E-02   0.00000000    
  -4.03294936E-02   2.67301630E-02   1.28684975E-02   0.00000000    
   3.15525010E-02  -4.41219918E-02   4.97932211E-02   0.00000000    
  -8.73842370E-03   4.49822135E-02  -3.73558253E-02   0.00000000    
  -9.32365190E-03  -4.35666069E-02  -3.64514589E-02   0.00000000    
  -5.96283702E-03  -4.82706688E-02   2.47743689E-02   0.00000000    
   0.00000000       3.46790701E-02   1.95036978E-02   0.00000000    
   0.00000000       2.28749253E-02  -3.87965627E-02   0.00000000    
   0.00000000       1.62714031E-02  -4.67555895E-02   0.00000000    
   0.00000000      -4.58897799E-02   4.69121151E-04   0.00000000    
   0.00000000      -2.64484086E-03  -4.28735232E-03   0.00000000    
   0.00000000      -4.52402271E-02  -4.07120176E-02   0.00000000    
   0.00000000      -4.11858894E-02  -4.03525904E-02   0.00000000    
   0.00000000       3.92184258E-02  -5.64581854E-03   0.00000000    
   0.00000000      0.965650380       1.03808820       0.00000000    
   0.00000000      -4.21799272E-02  -2.47145612E-02   0.00000000    
   0.00000000       1.34655358E-02   1.46187916E-02   0.00000000    
   0.00000000      -1.02208052E-02   1.16462409E-02   0.00000000    
   0.00000000      -3.40688117E-02   3.15088816E-02   0.00000000    
   0.00000000       3.91576998E-02   2.63659637E-02   0.00000000    
   0.00000000       4.19246592E-03  -3.10122711E-03   0.00000000    
   0.00000000       2.68635508E-02   1.10935429E-02   0.00000000    
   0.00000000      -1.26560880E-02   1.02069322E-02   0.00000000    
   0.00000000      -2.13634968E-02  -5.69700077E-03   0.00000000    
   0.00000000      -2.40019523E-03   4.21830639E-02   0.00000000    
   0.00000000       1.90678593E-02   2.49735694E-02   0.00000000    
   0.00000000       8.16731621E-03   2.49285381E-02   0.00000000    
   0.00000000       1.59140285E-02  -4.21150178E-02   0.00000000    
   0.00000000      -2.57424414E-02  -4.57561798E-02   0.00000000    
   0.00000000       1.49596045E-02   1.44956307E-02   0.00000000    
   0.00000000      -5.86446887E-03   2.79536378E-02   0.00000000    
  -1.90956444E-02   3.20826806E-02   6.22816710E-03   0.00000000    
   1.65774729E-02   2.99194977E-02  -3.38951163E-02   0.00000000    
   4.95117120E-02   6.97007915E-03   2.19696830E-03   0.00000000    
   1.36967637E-02   8.52788519E-03   2.50299298E-03   0.00000000    
   1.79396402E-02  -2.34688688E-02   1.68360025E-02   0.00000000    
  -1.53351659E-02   7.29421794E-04   8.64411239E-03   0.00000000    
  -1.96740627E-02  -1.05119748E-02   4.81621400E-02   0.00000000    
   0.00000000       4.51127328E-02  -1.06765302E-02   0.00000000    
   0.00000000       4.49788608E-02   5.62833156E-03   0.00000000    
   0.00000000       1.48027958E-02   4.33710031E-02   0.00000000    
   0.00000000       1.55464541E-02  -3.35420333E-02   0.00000000    
   0.00000000       5.98214567E-03   4.78001051E-02   0.00000000    
   0.00000000       1.66344903E-02  -3.72486818E-03   0.00000000    
   0.00000000      -1.01042762E-02  -2.56055184E-02   0.00000000    
   0.00000000       4.74421587E-03   3.56660411E-02   0.00000000    
   0.00000000      -4.97354753E-02  -2.30506919E-02   0.00000000    
   0.00000000      0.962201357      0.997193277       0.00000000    
   0.00000000       2.12670285E-02   3.87633685E-03   0.00000000    
   0.00000000       3.19253579E-02  -6.89191790E-03   0.00000000    
   0.00000000       2.95789279E-02  -3.26117091E-02   0.00000000    
   0.00000000       2.83393767E-02   4.70417738E-02   0.00000000    
   0.00000000       4.53062281E-02   1.78798754E-02   0.00000000    
   0.00000000      -2.67142933E-02   3.67888175E-02   0.00000000    
   0.00000000      -6.41675806E-03   2.37982329E-02   0.00000000    
   0.00000000      -4.27125059E-02  -4.42346707E-02   0.00000000    
   0.00000000       1.51021429E-03  -1.20159406E-02   0.00000000    
   0.00000000       6.84947474E-03   2.90606488E-02   0.00000000    
   0.00000000       3.13378684E-02  -4.10438105E-02   0.00000000    
   0.00000000       3.68053839E-02  -4.54240218E-02   0.00000000    
   0.00000000       1.36830881E-02   1.94308851E-02   0.00000000    
   0.00000000      -7.43390236E-04   1.08964331E-02   0.00000000    
   0.00000000       5.15529281E-03   1.18072378E-02   0.00000000    
   1.13852536E-02   6.72587194E-04   1.33835552E-02   0.00000000    
  -1.37735782E-02   4.82071564E-02  -2.54311729E-02   0.00000000    
   3.78445871E-02  -2.05447692E-02   3.63565795E-02   0.00000000    
   1.36048887E-02   5.56603540E-03   1.57013275E-02   0.00000000    
  -3.07097621E-02   3.74016492E-03  -4.73500267E-02   0.00000000    
   1.74089149E-02  -2.45159846E-02   1.54840993E-02   0.00000000    
  -3.56622823E-02   2.71853954E-02  -4.35882807E-02   0.00000000    
   0.00000000      -2.71639717E-03   1.46055594E-02   0.00000000    
   0.00000000       1.13722337E-02   3.29222865E-02   0.00000000    
   0.00000000      -2.27455087E-02  -4.40094154E-03   0.00000000    
   0.00000000      -1.91588774E-02   1.45852622E-02   0.00000000    
   0.00000000      -1.43025145E-02  -9.20674123E-04   0.00000000    
   0.00000000      -2.79727262E-02  -2.46512126E-02   0.00000000    
   0.00000000      -4.02342714E-03   3.60953547E-02   0.00000000    
   0.00000000      -4.00770530E-02  -7.83810206E-03   0.00000000    
   0.00000000       1.39354663E-02   2.50705816E-02   0.00000000    
   0.00000000      -2.55712029E-02   4.50872909E-03   0.00000000    
   0.00000000       1.00648189       1.04683208       0.00000000    
   0.00000000       3.17020938E-02  -1.05268217E-03   0.00000000    
   0.00000000       1.04384385E-02  -1.30138658E-02   0.00000000    
   0.00000000       4.93991561E-02  -4.90192622E-02   0.00000000    
   0.00000000       4.10708040E-02  -1.79018461E-04   0.00000000    
   0.00000000       2.61912798E-03  -3.12886052E-02   0.00000000    
   0.00000000       9.00117273E-04  -4.43874486E-02   0.00000000    
   0.00000000       1.84669290E-02   1.59296114E-02   0.00000000    
   0.00000000      -3.30535471E-02  -3.01633775E-02   0.00000000    
   0.00000000       2.93880254E-02  -9.54114459E-03   0.00000000    
   0.00000000       3.86923254E-02  -3.71120498E-02   0.00000000    
   0.00000000      -2.59246211E-02   2.53172666E-02   0.00000000    
   0.00000000       1.54260695E-02   3.60981785E-02   0.00000000    
   0.00000000       3.25291418E-02  -3.95293906E-02   0.00000000    
   0.00000000       6.00146968E-03   3.24921161E-02   0.00000000    
   2.40138993E-02   4.59091961E-02   3.05524711E-02   0.00000000    
   1.18914442E-02   4.60481010E-02   2.11729296E-02   0.00000000    
  -6.15188014E-03   8.47771473E-04   9.58173419E-04   0.00000000    
  -1.86273996E-02   1.02662817E-02  -4.16334085E-02   0.00000000    
   4.03308012E-02  -2.23999396E-02   4.37473170E-02   0.00000000    
  -3.44230630E-03  -1.34925661E-03  -2.97176987E-02   0.00000000    
   2.71901228E-02  -1.67920142E-02  -4.59732190E-02   0.00000000    
   0.00000000      -2.56708022E-02  -3.22153196E-02   0.00000000    
   0.00000000       1.35851866E-02   1.98448151E-02   0.00000000    
   0.00000000      -1.88492518E-02   2.47008372E-02   0.00000000    
   0.00000000       3.71538885E-02   2.91146263E-02   0.00000000    
   0.00000000      -6.94850320E-03  -2.40486152E-02   0.00000000    
   0.00000000       2.39493232E-02  -7.37412507E-03   0.00000000    
   0.00000000       5.69170946E-03  -4.45191603E-04   0.00000000    
   0.00000000      -1.21870553E-02   1.15269851E-02   0.00000000    
   0.00000000       9.29012895E-03  -7.42296164E-04   0.00000000    
   0.00000000      -5.67187928E-03  -5.35557093E-03   0.00000000    
   0.00000000      -3.68114151E-02   1.89752970E-02   0.00000000    
   0.00000000      0.994876325      0.958264291       0.00000000    
   0.00000000      -2.18373295E-02  -2.84294412E-02   0.00000000    
   0.00000000      -3.81747745E-02  -3.56710181E-02   0.00000000    
   0.00000000       1.89602356E-02  -6.41291449E-03   0.00000000    
   0.00000000      -3.63732912E-02  -2.33832803E-02   0.00000000    
   0.00000000      -4.18495424E-02   9.63116705E-04   0.00000000    
   0.00000000       4.03252728E-02  -3.63312587E-02   0.00000000    
   0.00000000      -1.84128061E-02  -4.05358337E-02   0.00000000    
   0.00000000      -2.14312524E-02   4.29613516E-02   0.00000000    
   0.00000000      -1.13656335E-02   2.11581346E-02   0.00000000    
   0.00000000      -4.57929261E-02  -4.24748845E-02   0.00000000    
   0.00000000      -4.44976129E-02   3.34952548E-02   0.00000000    
   0.00000000       3.90657932E-02   3.45574394E-02   0.00000000    
   0.00000000       3.23045217E-02  -3.80300358E-02   0.00000000    
  -4.51063626E-02   1.89693384E-02   3.54660153E-02   0.00000000    
  -6.33128267E-03   3.60651687E-02   1.62159204E-02   0.00000000    
  -3.23333070E-02  -2.37766420E-03   4.01730463E-02   0.00000000    
   4.33552153E-02   2.38401489E-03   3.02125774E-02   0.00000000    
  -3.80406044E-02   1.16362544E-02   5.04265465E-02   0.00000000    
  -4.47563045E-02  -2.06912346E-02   6.95329206E-03   0.00000000    
  -3.15341204E-02  -4.78850938E-02   1.13247358E-03   0.00000000    
   0.00000000      -3.16287205E-02  -4.73547317E-02   0.00000000    
   0.00000000      -3.53418514E-02   4.54002768E-02   0.00000000    
   0.00000000      -3.61930020E-02   4.11049947E-02   0.00000000    
   0.00000000      -1.66480895E-02  -1.70606300E-02   0.00000000    
   0.00000000       2.23259367E-02   8.49517249E-03   0.00000000    
   0.00000000      -3.36308144E-02  -2.34916583E-02   0.00000000    
   0.00000000       3.05975266E-02  -1.51454108E-02   0.00000000    
   0.00000000      -4.95520420E-02  -6.25887478E-04   0.00000000    
   0.00000000       4.40824740E-02  -3.28912809E-02   0.00000000    
   0.00000000      -5.36903413E-03  -2.23830920E-02   0.00000000    
   0.00000000      -1.98444463E-02  -4.29118834E-02   0.00000000    
   0.00000000       2.75102016E-02  -2.81758476E-02   0.00000000    
   0.00000000       1.03060842      0.962068379       0.00000000    
   0.00000000      -3.36383586E-03  -3.22869755E-02   0.00000000    
   0.00000000      -2.48104129E-02  -1.08309062E-02   0.00000000    
   0.00000000      -3.43444347E-02  -2.95411777E-02   0.00000000    
   0.00000000       1.96414310E-02  -5.98965213E-03   0.00000000    
   0.00000000       3.97546440E-02   2.97153313E-02   0.00000000    
   0.00000000      -3.72568034E-02  -4.62118462E-02   0.00000000    
   0.00000000      -4.29776125E-02  -2.56761387E-02   0.00000000    
   0.00000000       1.75018739E-02  -3.79159749E-02   0.00000000    
   0.00000000       6.62019011E-04   3.90300043E-02   0.00000000    
   0.00000000       8.65086447E-03  -7.01828627E-03   0.00000000    
   0.00000000      -4.59441170E-02  -1.54103488E-02   0.00000000    
   0.00000000      -2.71420591E-02  -3.88584286E-02   0.00000000    
  -1.58199784E-03  -3.84746515E-03  -3.12992446E-02   0.00000000    
   2.44752988E-02  -1.30476588E-02   1.81898586E-02   0.00000000    
   4.28330451E-02   1.62224881E-02  -1.12131853E-02   0.00000000    
   9.48579889E-03   1.54121965E-03   4.91069742E-02   0.00000000    
  -9.12727788E-03  -2.28185356E-02   1.26069160E-02   0.00000000    
   1.31151145E-02  -2.60951780E-02  -1.87419262E-02   0.00000000    
   9.80197173E-03   4.05905806E-02  -2.30641123E-02   0.00000000    
   0.00000000      -5.40646072E-03   1.07740648E-02   0.00000000    
   0.00000000       4.25544493E-02  -3.01702209E-02   0.00000000    
   0.00000000       8.61362030E-04   1.11924959E-02   0.00000000    
   0.00000000      -2.85591912E-02   2.62512136E-02   0.00000000    
   0.00000000      -3.42284888E-02  -3.20995711E-02   0.00000000    
   0.00000000       3.61831449E-02   3.46322879E-02   0.00000000    
   0.00000000      -6.33373205E-03  -4.91551496E-02   0.00000000    
   0.00000000      -4.58471328E-02   1.77540332E-02   0.00000000    
   0.00000000      -2.80165654E-02  -3.07156686E-02   0.00000000    
   0.00000000      -3.79329324E-02   2.72420477E-02   0.00000000    
   0.00000000       5.60403429E-03   1.40119763E-02   0.00000000    
   0.00000000      -5.95072517E-03   2.58120969E-02   0.00000000    
   0.00000000       8.93250946E-03  -2.94361319E-02   0.00000000    
   0.00000000       1.04237413      0.985807478       0.00000000    
   0.00000000      -3.61802429E-02   1.86017752E-02   0.00000000    
   0.00000000       4.28959168E-02   6.35745004E-03   0.00000000    
   0.00000000       4.79384139E-02  -3.26766819E-02   0.00000000    
   0.00000000       1.54369231E-02   1.17138829E-02   0.00000000    
   0.00000000       2.77656764E-02   4.65972871E-02   0.00000000    
   0.00000000      -2.66286116E-02   5.37093123E-03   0.00000000    
   0.00000000       1.56971980E-02   4.36081849E-02   0.00000000    
   0.00000000       1.61491577E-02  -1.85997915E-02   0.00000000    
   0.00000000      -8.96273553E-03   3.18125337E-02   0.00000000    
   0.00000000       4.50026467E-02  -2.06238702E-02   0.00000000    
   0.00000000      -2.93076746E-02   4.91824858E-02   0.00000000    
   2.72894334E-02   1.07057476E-02   4.67604175E-02   0.00000000    
   4.40234244E-02   3.90229262E-02   1.33154728E-02   0.00000000    
  -2.99880728E-02   2.90943421E-02   2.23643705E-02   0.00000000    
  -6.18282426E-03   1.60210638E-03   4.88132872E-02   0.00000000    
   3.36710699E-02   4.03265692E-02   4.11462225E-02   0.00000000    
   3.69685404E-02   3.24837770E-03  -1.90215055E-02   0.00000000    
  -2.89033893E-02  -2.36303322E-02  -4.16669585E-02   0.00000000    
   0.00000000      -4.98743765E-02  -2.84234099E-02   0.00000000    
   0.00000000       4.06194991E-03  -4.90938425E-02   0.00000000    
   0.00000000       4.31617200E-02   1.52308280E-02   0.00000000    
   0.00000000       2.97387969E-02   1.73431300E-02   0.00000000    
   0.00000000      -4.83917212E-03  -3.53998914E-02   0.00000000    
   0.00000000      -3.37298140E-02  -2.65400987E-02   0.00000000    
   0.00000000       2.52119172E-02   3.40806432E-02   0.00000000    
   0.00000000      -1.01020262E-02  -3.11294347E-02   0.00000000    
   0.00000000       2.88681369E-02  -4.27466445E-02   0.00000000    
   0.00000000      -4.02682982E-02  -1.13387629E-02   0.00000000    
   0.00000000      -3.14604421E-03  -4.30093743E-02   0.00000000    
   0.00000000       3.66973802E-02   1.24539174E-02   0.00000000    
   0.00000000      -7.44850747E-03   2.20447853E-02   0.00000000    
   0.00000000       1.58917475E-02  -4.03361693E-02   0.00000000    
   0.00000000      0.977179229      0.977536321       0.00000000    
   0.00000000       3.42242159E-02   2.85575781E-02   0.00000000    
   0.00000000       4.68303822E-02   2.57986002E-02   0.00000000    
   0.00000000      -4.37558331E-02   1.97568908E-02   0.00000000    
   0.00000000       2.31083594E-02   4.74378373E-03   0.00000000    
   0.00000000      -1.60691375E-03  -1.68078821E-02   0.00000000    
   0.00000000      -1.58773307E-02   4.32128832E-02   0.00000000    
   0.00000000       2.54241005E-02  -1.73840672E-02   0.00000000    
   0.00000000      -2.82651838E-02   3.65855992E-02   0.00000000    
   0.00000000       4.09667194E-02   4.64332215E-02   0.00000000    
   0.00000000      -2.14257371E-02   3.92448455E-02   0.00000000    
  -4.37279940E-02  -2.22683158E-02  -3.96801531E-02   0.00000000    
   3.43750343E-02  -4.36764024E-02  -3.89927402E-02   0.00000000    
   2.54209395E-02   1.10724177E-02  -1.21856732E-02   0.00000000    
   2.09046900E-03   2.03542095E-02   3.18109617E-02   0.00000000    
   1.03691760E-02  -2.99744904E-02  -2.50054430E-02   0.00000000    
   1.71839949E-02  -4.22146451E-03  -4.26956192E-02   0.00000000    
   3.78078744E-02   1.60010196E-02   2.59674247E-02   0.00000000    
   0.00000000      -5.73532050E-03   5.14070950E-02   0.00000000    
   0.00000000       4.27655131E-02   2.98392717E-02   0.00000000    
   0.00000000      -2.03769337E-02   2.57989094E-02   0.00000000    
   0.00000000      -1.70269459E-02  -3.79841104E-02   0.00000000    
   0.00000000      -3.34362574E-02  -9.17798933E-03   0.00000000    
   0.00000000      -2.68592350E-02  -3.49022485E-02   0.00000000    
   0.00000000      -4.09078002E-02   7.59314513E-03   0.00000000    
   0.00000000       4.53999965E-03  -4.27858811E-03   0.00000000    
   0.00000000      -1.89892408E-02   1.10129733E-02   0.00000000    
   0.00000000      -2.87806876E-02  -2.39984207E-02   0.00000000    
   0.00000000       2.61061508E-02  -2.02427022E-02   0.00000000    
   0.00000000      -4.17304635E-02   8.85966141E-03   0.00000000    
   0.00000000      -3.32366526E-02   8.92558601E-03   0.00000000    
   0.00000000       1.59518309E-02   1.44937942E-02   0.00000000    
   0.00000000       2.10123416E-02   4.12303209E-02   0.00000000    
   0.00000000       1.00862038       1.03965962       0.00000000    
   0.00000000      -5.18846652E-03   2.83464696E-02   0.00000000    
   0.00000000      -3.67502421E-02  -1.12635805E-03   0.00000000    
   0.00000000       4.92658168E-02   3.97961214E-02   0.00000000    
   0.00000000      -4.79083182E-03  -2.75521576E-02   0.00000000    
   0.00000000      -2.54710205E-02   1.27219744E-02   0.00000000    
   0.00000000       2.37638820E-02  -3.53447087E-02   0.00000000    
   0.00000000      -4.25554672E-03  -1.55761344E-02   0.00000000    
   0.00000000       9.81248799E-04  -1.10649248E-03   0.00000000    
   0.00000000      -6.17561257E-03   2.87098661E-02   0.00000000    
   1.60398381E-03   3.86430137E-02  -6.07979717E-03   0.00000000    
   3.92804146E-02  -1.13740275E-02  -1.38571045E-06   0.00000000    
  -1.29788192E-02   5.89441648E-03  -1.29280454E-02   0.00000000    
   2.93245837E-02   2.17613671E-02   1.81282833E-02   0.00000000    
  -4.43569608E-02  -8.62792600E-03  -1.06302593E-02   0.00000000    
   9.60046612E-03   1.34563381E-02   2.38048099E-02   0.00000000    
  -2.71743461E-02   3.07427365E-02  -4.24737036E-02   0.00000000    
   0.00000000      -3.35961170E-02   3.69342254E-03   0.00000000    
   0.00000000      -3.91347520E-02   8.71723704E-03   0.00000000    
   0.00000000       1.36338919E-02   3.61176468E-02   0.00000000    
   0.00000000      -4.15684879E-02  -1.95942502E-02   0.00000000    
   0.00000000       4.02952544E-02  -1.93817858E-02   0.00000000    
   0.00000000       5.01919426E-02  -3.26081142E-02   0.00000000    
   0.00000000       3.76550481E-02  -7.31815677E-03   0.00000000    
   0.00000000      -2.19505299E-02   1.82953272E-02   0.00000000    
   0.00000000       1.42504722E-02   3.98270488E-02   0.00000000    
   0.00000000       1.96801755E-03   2.15958189E-02   0.00000000    
   0.00000000       9.76822618E-03   1.41407596E-02   0.00000000    
   0.00000000       2.60473229E-02   4.60098945E-02   0.00000000    
   0.00000000      -6.25224970E-03   2.82147676E-02   0.00000000    
   0.00000000       7.10011739E-03  -3.38719110E-03   0.00000000    
   0.00000000      -1.96505561E-02   3.14651839E-02   0.00000000    
   0.00000000       3.51741724E-02  -2.14855373E-02   0.00000000    
   0.00000000       1.04058206       1.04044616       0.00000000    
   0.00000000      -1.29684247E-02  -3.52785294E-03   0.00000000    
   0.00000000      -2.42316052E-02  -2.28921305E-02   0.00000000    
   0.00000000      -3.09719425E-02   3.36573273E-02   0.00000000    
   0.00000000       2.93915663E-02   1.88802311E-03   0.00000000    
   0.00000000       4.39487770E-02  -2.40207557E-02   0.00000000    
   0.00000000       2.95104366E-02  -1.13074724E-02   0.00000000    
   0.00000000      -4.29584235E-02  -2.11411379E-02   0.00000000    
   0.00000000      -2.20203726E-03   2.68083997E-02   0.00000000    
   1.93545111E-02   3.63014787E-02  -1.53978483E-03   0.00000000    
  -4.33718152E-02   4.58929799E-02  -3.61633487E-02   0.00000000    
  -3.79607454E-02  -4.58603725E-02  -5.63403359E-03   0.00000000    
  -3.34420241E-02  -1.34433163E-02  -3.16305868E-02   0.00000000    
   2.89378054E-02   1.89205222E-02   4.49338742E-02   0.00000000    
   2.56597456E-02   5.43897459E-03  -1.14176329E-02   0.00000000    
  -9.14006680E-03   2.46512163E-02  -2.36240178E-02   0.00000000    
   0.00000000       1.79797485E-02   1.82971880E-02   0.00000000    
   0.00000000      -2.18940526E-03  -2.81407870E-02   0.00000000    
   0.00000000       3.51482704E-02   4.17441688E-03   0.00000000    
   0.00000000      -1.55289527E-02  -2.14340608E-03   0.00000000    
   0.00000000       9.88114811E-03   3.62497903E-02   0.00000000    
   0.00000000      -2.71780491E-02  -2.49119569E-02   0.00000000    
   0.00000000       2.24870145E-02   4.14406657E-02   0.00000000    
   0.00000000       2.74787880E-02  -3.91004309E-02   0.00000000    
   0.00000000      -1.24446591E-02   2.19070427E-02   0.00000000    
   0.00000000       4.98287044E-02  -2.63153296E-02   0.00000000    
   0.00000000      -1.62116308E-02  -6.05148636E-03   0.00000000    
   0.00000000       2.14450061E-02  -1.31888222E-02   0.00000000    
   0.00000000      -1.13280844E-02  -2.11826209E-02   0.00000000    
   0.00000000      -3.39953825E-02   2.89109834E-02   0.00000000    
   0.00000000      -2.75784750E-02   3.18668559E-02   0.00000000    
   0.00000000      -2.25493722E-02  -4.16750312E-02   0.00000000    
   0.00000000      -3.43883112E-02  -8.17528181E-03   0.00000000    
   0.00000000       1.03692245      0.980784297       0.00000000    
   0.00000000      -2.82454807E-02  -6.86039263E-03   0.00000000    
   0.00000000      -3.67506668E-02   3.74856293E-02   0.00000000    
   0.00000000      -4.47914144E-03  -4.52227332E-02   0.00000000    
   0.00000000       4.99025397E-02  -4.45192605E-02   0.00000000    
   0.00000000      -4.45048846E-02  -3.63468118E-02   0.00000000    
   0.00000000       3.90589237E-02  -3.67604233E-02   0.00000000    
   0.00000000      -4.69843782E-02  -8.08636006E-03   0.00000000    
  -1.77023336E-02   4.60342243E-02  -3.69027667E-02   0.00000000    
   2.23247651E-02   1.39287431E-02   3.39049287E-03   0.00000000    
  -7.41632469E-03  -2.35499237E-02  -8.62606801E-03   0.00000000    
  -2.21827324E-03   3.37849781E-02   4.26505646E-03   0.00000000    
   2.92180181E-02   3.13530006E-02   1.01722637E-02   0.00000000    
   4.21612225E-02   1.05967205E-02  -6.90910965E-03   0.00000000    
  -2.12839320E-02   3.95123586E-02   4.90854569E-02   0.00000000    
   0.00000000      -3.36812553E-03   1.73046887E-02   0.00000000    
   0.00000000       3.06397788E-02   5.12352325E-02   0.00000000    
   0.00000000       2.50626467E-02   1.68826729E-02   0.00000000    
   0.00000000      -3.57138701E-02   2.77859252E-02   0.00000000    
   0.00000000       3.38948816E-02   3.42829004E-02   0.00000000    
   0.00000000      -6.31960295E-03   2.66126618E-02   0.00000000    
   0.00000000      -1.04694879E-02  -1.95393395E-02   0.00000000    
   0.00000000      -2.37689298E-02   1.64342057E-02   0.00000000    
   0.00000000      -2.70580202E-02   4.12198491E-02   0.00000000    
   0.00000000       1.65738189E-03  -1.24043121E-03   0.00000000    
   0.00000000       2.11954005E-02   4.10484821E-02   0.00000000    
   0.00000000       1.81249976E-02  -1.65310483E-02   0.00000000    
   0.00000000       3.81819368E-03  -5.90802450E-03   0.00000000    
   0.00000000       1.85024999E-02   4.22691107E-02   0.00000000    
   0.00000000      -4.73212935E-02  -1.00893145E-02   0.00000000    
   0.00000000       4.63610925E-02   1.35046160E-02   0.00000000    
   0.00000000       3.93720530E-02  -1.89190600E-02   0.00000000    
   0.00000000       4.92178984E-02  -3.94200385E-02   0.00000000    
   0.00000000      0.965865076      0.998074293       0.00000000    
   0.00000000       1.68818887E-02   4.16989699E-02   0.00000000    
   0.00000000      -1.76006202E-02   3.25840637E-02   0.00000000    
   0.00000000      -6.03181683E-03  -9.71839111E-03   0.00000000    
   0.00000000      -2.16371822E-03  -2.46291757E-02   0.00000000    
   0.00000000       3.78444120E-02   2.63672546E-02   0.00000000    
   0.00000000      -3.13684121E-02  -4.77493331E-02   0.00000000    
   3.91469225E-02   1.36136459E-02   4.20107320E-02   0.00000000    
  -5.12748957E-03  -1.67286284E-02  -8.86371173E-03   0.00000000    
   2.56903972E-02   3.90215330E-02  -3.11701410E-02   0.00000000    
   4.02623266E-02  -4.91513079E-03   2.08907630E-02   0.00000000    
   2.06546914E-02   2.75438894E-02   1.75737068E-02   0.00000000    
   9.01758205E-03  -2.92581823E-02  -1.69897228E-02   0.00000000    
   1.09076547E-02  -1.20036537E-02   3.58358398E-02   0.00000000    
   0.00000000      -2.88810525E-02  -3.51632014E-02   0.00000000    
   0.00000000       5.28707122E-03   1.56866480E-03   0.00000000    
   0.00000000      -3.66675816E-02   1.88066773E-02   0.00000000    
   0.00000000      -4.84428257E-02   4.87014316E-02   0.00000000    
   0.00000000       4.12874576E-03   1.66238856E-03   0.00000000    
   0.00000000      -2.52799839E-02  -4.83227931E-02   0.00000000    
   0.00000000      -1.58780590E-02   8.08577798E-03   0.00000000    
   0.00000000       1.07370540E-02  -1.05376979E-02   0.00000000    
   0.00000000       3.13443765E-02  -2.57213600E-02   0.00000000    
   0.00000000      -2.63090674E-02  -2.62904651E-02   0.00000000    
   0.00000000      -4.23437953E-02   8.40521883E-03   0.00000000    
   0.00000000       1.59833860E-02   4.85570468E-02   0.00000000    
   0.00000000       4.33467154E-04  -6.37905614E-04   0.00000000    
   0.00000000      -1.03029823E-02  -2.66261143E-03   0.00000000    
   0.00000000       3.63045314E-04  -6.72486098E-03   0.00000000    
   0.00000000      -2.91330721E-02  -2.31627412E-02   0.00000000    
   0.00000000       3.67753170E-02  -4.15062867E-02   0.00000000    
   0.00000000      -3.72089259E-02   1.94290075E-02   0.00000000    
   0.00000000       2.70881727E-02   7.80084403E-03   0.00000000    
   0.00000000      0.985444725      0.991862416       0.00000000    
   0.00000000      -2.08515301E-02   3.11862510E-02   0.00000000    
   0.00000000       2.80937962E-02   2.15821923E-03   0.00000000    
   0.00000000      -3.22829839E-03   6.99401554E-03   0.00000000    
   0.00000000      -1.02084298E-02   3.53355147E-02   0.00000000    
   0.00000000      -3.19415070E-02   1.77504625E-02   0.00000000    
   3.29665020E-02   4.73061204E-02  -3.79356882E-03   0.00000000    
   6.97547616E-03  -1.03643341E-02  -4.25814558E-03   0.00000000    
   4.09119725E-02  -4.66689765E-02   1.08541399E-02   0.00000000    
   4.39323578E-03   2.61996686E-02  -1.58436932E-02   0.00000000    
   4.74915244E-02  -1.42885640E-03   2.70162639E-03   0.00000000    
   1.19950175E-02  -3.59966606E-02  -3.96815203E-02   0.00000000    
  -2.48912014E-02   4.46897335E-02   4.70226593E-02   0.00000000    
   0.00000000      -3.80849428E-02  -3.86319347E-02   0.00000000    
   0.00000000       4.56013046E-02  -4.64740815E-03   0.00000000    
   0.00000000       5.72300749E-03   2.54449043E-02   0.00000000    
   0.00000000      -2.72473339E-02   3.50200385E-02   0.00000000    
   0.00000000       4.00516093E-02   3.26830037E-02   0.00000000    
   0.00000000       4.74695582E-03  -2.21720915E-02   0.00000000    
   0.00000000       7.02819927E-03   3.13317068E-02   0.00000000    
   0.00000000       1.25658419E-02  -3.45298089E-02   0.00000000    
   0.00000000       3.07131149E-02   2.27401406E-02   0.00000000    
   0.00000000       3.97421271E-02   2.23465208E-02   0.00000000    
   0.00000000      -2.70516742E-02  -1.21710193E-03   0.00000000    
   0.00000000      -6.83923438E-03   4.17144895E-02   0.00000000    
   0.00000000       3.80617753E-02  -1.61347203E-02   0.00000000    
   0.00000000      -1.49615072E-02   4.24404442E-02   0.00000000    
   0.00000000      -2.23324690E-02   2.35550441E-02   0.00000000    
   0.00000000      -1.74440071E-02  -2.53952928E-02   0.00000000    
   0.00000000      -1.20488266E-02  -1.94479187E-03   0.00000000    
   0.00000000       4.27826308E-02  -3.33962813E-02   0.00000000    
   0.00000000      -1.38163439E-03   1.65575035E-02   0.00000000    
   0.00000000       1.31230969E-02   2.61685271E-02   0.00000000    
   0.00000000      0.952587605      0.985122919       0.00000000    
   0.00000000      -3.04418467E-02  -2.92746723E-02   0.00000000    
   0.00000000      -7.23951636E-03  -3.81701882E-03   0.00000000    
   0.00000000      -4.95959111E-02  -1.75246429E-02   0.00000000    
   0.00000000       2.71896701E-02   3.65328491E-02   0.00000000    
   2.03353968E-02   2.57802196E-02   1.99353322E-03   0.00000000    
   7.83293881E-03   2.52469927E-02   2.79272646E-02   0.00000000    
  -1.81943867E-02  -3.06037702E-02   1.26861790E-02   0.00000000    
  -4.14516367E-02   3.53720635E-02  -4.46590744E-02   0.00000000    
  -4.50911075E-02  -3.52150425E-02  -1.43409399E-02   0.00000000    
  -2.19363589E-02  -3.53746256E-03  -9.47115757E-03   0.00000000    
   1.35641256E-02   2.38044318E-02   8.70964769E-03   0.00000000    
   0.00000000       8.72467458E-03   4.97596748E-02   0.00000000    
   0.00000000      -1.36358934E-02   1.06678223E-02   0.00000000    
   0.00000000      -2.76411753E-02   3.63497213E-02   0.00000000    
   0.00000000      -2.43212916E-02  -3.91884185E-02   0.00000000    
   0.00000000       1.93252712E-02  -2.12097820E-02   0.00000000    
   0.00000000      -2.13359613E-02   5.03322706E-02   0.00000000    
   0.00000000       1.73151921E-02   1.48824397E-02   0.00000000    
   0.00000000      -2.48920396E-02   4.92060557E-02   0.00000000    
   0.00000000       4.80339155E-02  -1.87865458E-02   0.00000000    
   0.00000000       2.42709592E-02   4.58525456E-02   0.00000000    
   0.00000000      -1.02986246E-02   8.54888000E-03   0.00000000    
   0.00000000      -6.88864617E-03   4.67853248E-02   0.00000000    
   0.00000000       1.15856910E-02   5.00916913E-02   0.00000000    
   0.00000000       4.15931977E-02  -3.33083607E-02   0.00000000    
   0.00000000      -4.57957797E-02   1.03901485E-02   0.00000000    
   0.00000000       2.67412122E-02   4.15174402E-02   0.00000000    
   0.00000000      -4.29020151E-02  -3.73704024E-02   0.00000000    
   0.00000000       1.79911230E-03  -1.21984454E-02   0.00000000    
   0.00000000      -4.54197526E-02  -6.17359392E-03   0.00000000    
   0.00000000      -1.12771820E-02  -4.06421907E-02   0.00000000    
   0.00000000      -3.76825184E-02   1.39436470E-02   0.00000000    
   0.00000000      0.960631609      0.966732502       0.00000000    
   0.00000000       2.27543134E-02  -3.81414071E-02   0.00000000    
   0.00000000      -4.33260947E-02   2.82772407E-02   0.00000000    
   0.00000000       4.91643250E-02  -1.87252667E-02   0.00000000    
  -2.90961321E-02   2.73279939E-02  -3.98617275E-02   0.00000000    
   6.52073836E-03   2.17397907E-03   1.08508533E-02   0.00000000    
  -2.07452918E-03   4.17215861E-02  -7.99196865E-03   0.00000000    
  -2.48467550E-03  -4.77466471E-02  -2.44947318E-02   0.00000000    
   8.78862478E-03  -2.20418833E-02  -2.53699813E-02   0.00000000    
   2.66248379E-02   2.95370799E-02  -2.07687598E-02   0.00000000    
   2.26845276E-02   1.68605391E-02   4.23537344E-02   0.00000000    
   0.00000000       3.46896872E-02   2.00559013E-02   0.00000000    
   0.00000000      -1.94004849E-02  -2.07033139E-02   0.00000000    
   0.00000000      -3.77869569E-02   3.06097716E-02   0.00000000    
   0.00000000       1.51513740E-02   4.74718995E-02   0.00000000    
   0.00000000      -1.88057348E-02  -7.51728192E-03   0.00000000    
   0.00000000      -2.57730410E-02  -2.30488237E-02   0.00000000    
   0.00000000      -4.44114953E-03  -2.64051054E-02   0.00000000    
   0.00000000      -1.79333985E-02   2.78745517E-02   0.00000000    
   0.00000000       4.66048159E-02   6.16794033E-03   0.00000000    
   0.00000000      -3.92498970E-02  -9.55590792E-03   0.00000000    
   0.00000000       2.77138576E-02  -1.07460665E-02   0.00000000    
   0.00000000      -2.02063061E-02  -3.36725004E-02   0.00000000    
   0.00000000      -3.01063042E-02   3.28400582E-02   0.00000000    
   0.00000000      -2.51049493E-02  -1.27805118E-02   0.00000000    
   0.00000000      -3.34371291E-02   1.71033908E-02   0.00000000    
   0.00000000       2.25725025E-02   1.21923760E-02   0.00000000    
   0.00000000      -4.39818054E-02  -4.24983492E-03   0.00000000    
   0.00000000       4.88976464E-02  -6.82056823E-04   0.00000000    
   0.00000000       3.16281058E-02   4.99733686E-02   0.00000000    
   0.00000000       2.20831241E-02  -5.76207740E-03   0.00000000    
   0.00000000      -5.07877674E-03   7.74634490E-03   0.00000000    
   0.00000000      -2.66214088E-03  -1.08990427E-02   0.00000000    
   0.00000000       1.03916955      0.957980156       0.00000000    
   0.00000000       1.72806308E-02   3.48906256E-02   0.00000000    
   0.00000000      -3.45057528E-03  -1.57865919E-02   0.00000000    
  -1.91310011E-02  -4.35658768E-02  -3.58054452E-02   0.00000000    
   1.70059055E-02  -1.00837077E-03  -4.16723266E-02   0.00000000    
   2.36265752E-02  -3.79640199E-02   4.04167473E-02   0.00000000    
   2.60689370E-02   4.89698686E-02   5.09203635E-02   0.00000000    
   4.37494330E-02  -4.80195135E-03  -4.15606089E-02   0.00000000    
  -1.63947381E-02  -1.57120880E-02   4.49957587E-02   0.00000000    
  -3.98036838E-03   1.04086129E-02   1.96955241E-02   0.00000000    
   0.00000000      -1.96157750E-02   3.75599451E-02   0.00000000    
   0.00000000       2.34670267E-02   9.17163771E-03   0.00000000    
   0.00000000      -4.91748415E-02  -1.87404286E-02   0.00000000    
   0.00000000      -4.92705777E-02  -2.28623990E-02   0.00000000    
   0.00000000      -3.38546112E-02   3.42770852E-02   0.00000000    
   0.00000000       1.81817356E-02  -3.40447426E-02   0.00000000    
   0.00000000      -2.47940216E-02  -2.80037839E-02   0.00000000    
   0.00000000      -4.69340459E-02   3.54998782E-02   0.00000000    
   0.00000000      -9.68516804E-03  -3.80146764E-02   0.00000000    
   0.00000000       4.75808233E-02   1.73837617E-02   0.00000000    
   0.00000000       8.28890037E-03  -4.22184765E-02   0.00000000    
   0.00000000      -1.84153169E-02  -4.17930912E-03   0.00000000    
   0.00000000      -3.68416458E-02  -2.43716668E-02   0.00000000    
   0.00000000      -5.16196853E-03   9.66346008E-04   0.00000000    
   0.00000000      -1.23546133E-02   2.43000053E-02   0.00000000    
   0.00000000       3.30454707E-02   3.76441181E-02   0.00000000    
   0.00000000      -4.17429544E-02  -1.51591245E-02   0.00000000    
   0.00000000       3.13284881E-02   4.27976437E-03   0.00000000    
   0.00000000       3.64768459E-03  -3.95649150E-02   0.00000000    
   0.00000000       9.40105319E-03  -1.91385429E-02   0.00000000    
   0.00000000       2.70768050E-02   2.00663600E-03   0.00000000    
   0.00000000      -3.08688264E-02   4.37639393E-02   0.00000000    
   0.00000000      -4.43897620E-02  -4.23301309E-02   0.00000000    
   0.00000000       1.01577854      0.989223838       0.00000000    
   0.00000000      -4.25136723E-02  -3.25004868E-02   0.00000000    
   4.64558788E-02   4.36970554E-02   3.38548310E-02   0.00000000    
  -4.77112830E-02  -1.58580262E-02   1.69474892E-02   0.00000000    
  -1.04819983E-02   4.73109670E-02   1.93793084E-02   0.00000000    
   4.51794341E-02   9.40811995E-04  -1.42858494E-02   0.00000000    
   2.27995906E-02  -2.05421122E-03   5.09967282E-02   0.00000000    
   4.11351472E-02   3.72548848E-02  -2.35804357E-02   0.00000000    
   2.39712801E-02  -4.27213684E-02   3.08689233E-02   0.00000000    
   0.00000000       3.27619119E-03  -4.26140353E-02   0.00000000    
   0.00000000       2.44380198E-02  -4.60342728E-02   0.00000000    
   0.00000000       2.51572058E-02   3.98699045E-02   0.00000000    
   0.00000000      -9.77259036E-03  -2.12345421E-02   0.00000000    
   0.00000000      -1.37418974E-03   2.70649474E-02   0.00000000    
   0.00000000       4.87715192E-02   2.16209739E-02   0.00000000    
   0.00000000      -4.25370783E-03  -3.01784296E-02   0.00000000    
   0.00000000       3.73736881E-02  -2.60030888E-02   0.00000000    
   0.00000000      -4.69104685E-02   5.13987020E-02   0.00000000    
   0.00000000       2.51112673E-02   3.93390283E-02   0.00000000    
   0.00000000       2.54194643E-02  -2.60988269E-02   0.00000000    
   0.00000000      -2.36427076E-02   1.00263106E-02   0.00000000    
   0.00000000       1.17463293E-02   8.75776459E-04   0.00000000    
   0.00000000      -4.33543026E-02  -4.69853319E-02   0.00000000    
   0.00000000      -5.59010589E-03   4.02477942E-03   0.00000000    
   0.00000000       1.26936873E-02   2.44231187E-02   0.00000000    
   0.00000000      -4.09644619E-02   5.19362353E-02   0.00000000    
   0.00000000       1.63952485E-02   2.26278082E-02   0.00000000    
   0.00000000      -4.44462784E-02  -4.76584807E-02   0.00000000    
   0.00000000       1.59600955E-02  -2.77992133E-02   0.00000000    
   0.00000000      -1.49769969E-02   1.68693028E-02   0.00000000    
   0.00000000      -4.67928946E-02  -3.18227783E-02   0.00000000    
   0.00000000       1.59685556E-02  -1.04164630E-02   0.00000000    
   0.00000000      -4.81890403E-02  -2.59853490E-02   0.00000000    
   0.00000000       1.05019546      0.971901119       0.00000000    
